14.87957423806189 0.6449794646222134 [ -5.73773076   3.9054366  100.72143711 746.41150158 146.93900595
 794.85688574 197.21604822 295.43931644 269.78378503  51.18741066
 126.72644223 361.05965457 579.22613302  77.06052378  58.1880302 ]
13.42916366888495 1.8980639217155986 [ 56.41655395  98.18508522  78.84797256 727.53479072 129.93524349
 117.81593898 121.28959959  49.27227042   1.82196192  57.336458
 245.54516458  17.05038228 455.686405   161.039759    92.32542419]
11.749408347643513 2.0229541678025376 [ 56.12951249  62.35712003  45.13345574 819.32824607 139.35392393
 366.32293336  99.73660024 116.72101119  30.19953013  47.01866964
 151.45397123  60.17576819 251.57402307 176.70021184  -8.82682125]
9.388113344576986 3.4908555576511553 [ 56.71610755  74.70617315  44.756508   185.57643317 195.28001886
 156.85678882 112.9200227   87.45248172  86.45309558  25.7986434
 171.10112473 114.48796964 226.00431694 131.51639358  36.37783029]
8.581473494690181 5.9606030394664 [ 60.47494961  62.46656277  48.36726812 141.95249133 209.52214351
 145.52957456 139.83639713  82.10053458  81.74753108  16.86199366
 228.94411279  53.55499641 217.35775131 183.89332335  15.49776779]
