20.524691479773892 0.1856603814854676 [ -25.48213424 -106.8479793  -112.6122309  -144.56591567 -183.72074453
  188.7036677  -175.87316582   25.12453981   46.09975607  114.24731707
  167.57977944  -74.00719565  194.04554772  -78.5451273  -172.7210784 ]
19.290262531389438 0.5086587835898186 [ 124.61586423  152.28309062   23.35204139  -13.83315024 -133.49912294
  145.26428629 -175.25274744   44.004892    -15.95632809 -147.70877965
  140.86334137  163.66115272   64.23221042  150.658099   -155.75792413]
18.600964864785666 0.5429116324576417 [ -69.24095928  183.30409931   51.70180017  122.90495474  199.07524594
  202.18366463  109.62813716   10.18519252  -97.20485683  100.89703709
  207.44401541  -92.1970641    40.91742425  -46.19650124 -128.18587668]
17.053422336335522 0.9085835181113784 [157.96550122  37.6003145  132.52651896  51.61442665  96.0830911
  38.81327631 115.25888753  72.60853723  -3.88738296 -53.629034
  18.38476083  70.05359831 220.85950863 104.93169997 147.45083469]
16.23385907771954 1.0274605299847086 [ -66.48393959  185.2269545    52.16234634  177.98461079   68.2107693
  188.42617871   72.43116646  113.41129723  109.64913344 -212.49511379
  -21.44409028  149.24667711  166.21377398   90.24617883  -36.37709512]
15.550282243306047 1.1535806904351324 [-23.98120631 166.60194952  29.58467732 235.17658774  48.71469458
  87.01745249  20.68298252 -38.6969052   20.18229052  74.90704056
  61.4357966  181.4362058  248.6731439   -8.63064481  66.12770661]
19.380009220677945 0.4541073693460649 [ 218.92289292  232.5152829   -88.49499818  134.7878857   188.55079967
 -128.11596192   -5.88490514   97.64446493 -158.50613412  -30.88974356
  -25.44947408  104.19827642   41.04215246  136.30186815   60.27234167]
19.148442764673675 0.43148163096273356 [ -85.89390568  130.62884816 -155.77614793   81.76838939  110.03077928
  142.64719104  -58.13484994   52.22005613  -52.61969719  -34.90149618
 -106.83895354   82.02271901  144.17697324 -126.97033943  104.78166106]
18.88725917928936 0.661896022221903 [-100.05561423   47.97685058 -140.12478378  117.92688787  -25.31084759
  175.7472094     4.96300286   37.69330018   -1.1430658   146.86232176
  -51.80780681   62.12300454  120.74753735  139.61492319 -149.34786231]
18.654635648961733 0.7459710950471892 [  60.06536108  144.7538191    40.84027631   37.47531863  170.22372503
  186.65566752   30.80051041 -144.32938564   -1.04434498 -121.93654476
   85.77593263  -14.48339008   42.77453107  173.41270551   59.07544731]
18.2856484205742 0.841664739181653 [   1.03690252   91.45870764   -3.98426395 -127.95039735  102.51606976
   -8.94657712  193.77629382  141.52423435   69.70826811   69.67985644
  149.28871312  187.09210712  160.1646081   160.43349511   29.05104771]
17.863859557798705 0.7387476219727507 [ 154.4783111   215.59792938   81.19205662   29.1321188   -55.58231016
  199.64066895  154.88565243 -107.8828423   -62.14395226   78.08779692
   76.86524601  178.13181317  124.23748607   32.2307216   -50.49075074]
14.838357903327324 1.4694707817077983 [ 85.58758286 160.80224432  -6.99293644 163.58537707  18.66547528
 198.69608915 156.53032033  31.18973201 112.28184113  13.07095535
   3.09444804  -0.9651506  150.03509445 103.36969108  -2.57950737]
20.773652509310764 0.018859477801348667 [  20.71418015 -186.54510283 -177.39083008   34.63109696  182.27580821
   75.6989233   113.22154779 -159.90110219   16.07425828   83.27879171
  135.6618397  -175.5163856   -72.54234153   31.66981234   58.08876568]
20.734547778515108 0.05277911379100786 [ -96.88870377   71.39659669  182.92442539  129.82262805 -206.44512609
 -133.93840723 -193.10494708   85.86204337  -86.93431235 -114.04047288
  125.35952877 -135.78654333 -113.0081099    53.34407393 -106.66031477]
20.447863146662275 0.31149791458874 [ 190.88121056  -25.28146471   50.53965435 -200.40148764  123.37786836
 -135.7873903    18.56947217   48.45350953   92.53239417  131.46156788
  232.43002127   49.84066409  130.80728783  137.0439635    50.20121726]
20.116562895699275 0.3106686527797855 [ -36.73245226  -20.25838421  178.88418148  131.19427936  -29.48755459
   96.25699564  213.73068896   50.88547346   44.07190495   52.7980824
  122.03962516 -136.44627488  -44.90786769 -153.95174476 -145.54389609]
20.084557369736046 0.2983848117967276 [  89.69744359   44.41910726  171.94934192 -164.66260536    2.04001265
  219.55566285   -6.39624162 -159.90187288   73.51306414  -65.46914219
   80.18602159  126.03500794  139.36295636 -223.97270001  160.49827946]
19.346144992040323 0.4708929615412065 [  72.40364947  116.95100202   39.6211734    21.03166099   93.22398089
  179.13610203 -186.38471464 -143.07946319   72.18374066  154.04323347
   59.88822857   99.80372046  142.97991699   -2.14906208 -191.45662361]
19.03303390605194 0.595434446895502 [ -48.18666322  -96.28640449  -25.5087214   156.13825813 -116.47585364
   59.8768585   -58.07623363   32.51390614 -136.34192401  -56.63211329
  209.67640007   43.1475394   230.20191045  129.13780505  -17.67804244]
18.940369875988743 0.7315410728917753 [ 56.91721369  47.35229139 -30.36596031 -34.59466803 -61.23911295
 -10.96159056 -71.0011048   17.80172632 156.08162723  42.62201514
  70.67263197 134.05101448 184.57865475 194.6166092   56.64070638]
16.580347593047502 1.1789166578015218 [127.3213215   77.55094622  29.72251805   8.65615431 129.7443985
 108.33498499  58.15405121 -16.38461388  60.16330265 111.78794546
 166.067146   108.08548374  90.08225519  15.30010005  52.62786097]
15.151551136914213 1.3344939720981843 [123.72860999  51.61541743  47.54079802 199.40696561 154.40788639
 135.22975359 -33.46605416 -48.16812177 124.79573345   3.78218079
 137.55634927 156.50597619 147.82594588  53.91868232 133.49996117]
20.635773474230252 -0.005141677425293319 [  -901.87756022   -646.06925894    -35.1142148     616.85169148
  -5040.62714384   -106.51526432 -13136.53913538   1425.63907868
   2153.42134823   -233.3044058   -5573.16931628  -2483.14979204
  -2282.89897198   -448.44170549    471.40230078]
16.394590126852552 1.022396132004975 [ 33.28009823 112.46898555  95.55471844 114.15052434 -67.27158593
 337.06175531 135.50193855 129.1273425   84.4726357  -33.80470605
 107.43944724 206.07170991 -45.42725687 139.85541235 112.11627996]
16.092794492912773 1.2857879601314992 [  9.57476263   3.0138766  -34.77666854   6.44314237 184.83443183
 133.06599767  81.66674965 135.94456258  79.87827917 -73.89236542
  30.71694991  85.43771927 373.2567488  107.49092979  69.10544792]
14.765933660050576 1.2270591128853012 [  95.35289351   52.28042814   66.42256113  396.42826156  128.54751127
  104.34788497  -11.75271043  199.79128814   96.53184211 -152.6066633
   83.24673064  150.77866484  234.1461213    13.80229756   52.23602763]
14.658883116629019 1.5069742177766354 [  5.0201773   83.78500383  63.42887282 474.03901948 259.29083348
 121.86794836 106.09780304 227.93053639 -29.18651045  48.10163578
   0.89512827 113.20923121 123.0870273  147.93002805  44.87760786]
13.782313368609291 1.2033520597226115 [ 3.34399930e+01  7.05423261e+01  3.39449012e+01  5.49507483e+02
 -6.87850557e-03  6.32879318e+02  1.87926860e+02  9.47152651e+01
  1.22173793e+01  1.65216831e+00  1.57795172e+02  2.81230868e+02
  3.00144521e+02  1.87530916e+02 -3.36029567e+01]
12.433080688077316 2.2704645083037125 [ 59.65016779  42.85357312 -40.96947349 233.84719214 176.65382899
 173.04056477  89.88589385   6.20303304  83.60889274  30.39393297
 203.87397645 150.95500467 208.19272359  28.00464383  27.76876885]
12.188263820205538 2.88225342701622 [ 57.98972842 106.76519228  78.73054711 382.35235367  47.07671425
 156.88679731 123.51597339 122.56133373  96.82297121  23.15733281
 264.91420492  40.16928479 198.64565953 273.61958389   3.36422042]
11.863088276718674 2.163803023507275 [ 41.88733701  -0.91387562  54.09143861 209.22218525 217.32421461
 186.43954848  91.12507173 119.80477884  61.97965497 -58.93725528
 164.29595168 107.62805797 254.54663896 119.12913498  11.62776038]
11.792610182743028 3.1764609103084673 [ 44.82680754  53.06024251  94.46091173 399.56444823 -14.10737925
 173.61197283  75.98066833 106.66096824  78.31023855  11.32978269
 214.38709519  73.22196694 222.79300658  36.51240296  70.6225832 ]
9.938150169848003 3.7988227413349342 [ 63.07191315  95.47268763  48.2631648  154.67443051 134.3924836
 200.71307342 131.05968295  56.83746185  77.6341464    6.82237325
 159.83619447  36.58115306 208.43937679 179.71278865  48.10601599]
inf 9.0 [  43. -153. -151. -145.  129.  -87.  -65. -150.  -74. -138.   54.   69.
  122. -199.   19.]
16.894141527921576 1.0918205450812317 [-40.53677983 -27.21771375 -94.93177204  -1.92380506 308.11233431
 204.47752904  66.0849793  133.53714843   4.05977899  39.01184247
 281.67100775 127.53701257 151.75105241 108.05140466  35.44940952]
16.111454958419316 0.20098350088779898 [ 211.55525185  713.7796105   -83.44956404 6947.37518155  351.20548029
  822.24035738  186.89711456  686.00539042  309.65049676  -28.57805963
  464.58539903  927.94061587 1003.89910251    8.7182335    23.96009412]
14.039643011964024 1.3768170794330459 [ 61.368621   133.61183058 -65.4540183  328.71208025  33.73937897
 318.11311166 118.02821178 141.0001422  135.45542438  10.34625211
 204.1631022  131.28647132  17.7511271  128.83481947  55.27869601]
12.67522405508598 2.1138873737132604 [ 63.52006902  71.49230785  51.77993899 169.12961807 220.70045286
 391.45230216 126.96417408  81.42328312  76.12296171  37.2632378
 128.94059589 101.66031583 103.28547613  93.13303566 -38.88233987]
8.83498765749774 8.633108012555358 [ 66.97087265  62.67152082  59.41570149 139.56027985 130.72535568
 128.51422286 146.71551855  84.04049445  91.91966889  17.29995621
 229.8630031   45.29157902 209.84179175 190.10929628  36.95313129]
8.688615749330046 5.86663640362071 [ 60.54663696  61.80664481  11.88535879 138.45547316 250.29475709
 139.7308621  137.2580375   82.36831705  83.24863044  15.27339319
 226.09095608  48.40001267 213.90861945 156.50852984  34.85922356]
8.518394708542797 5.9263703567996515 [ 60.49707581  62.87110692  47.02942407 154.84248303 259.87115839
 149.0152248  139.32598423  83.40531984  53.96849675  16.71858095
 226.69710854  53.49959427 215.39050252 176.38732904  38.46271758]
8.290284608006779 6.806668187084371 [ 65.37765318  61.43610997  49.86279684 140.36682629 253.85139651
 137.79911609 140.06651736  80.04821397  87.98068307  18.42863582
 225.4127449   48.14256584 215.12900377 185.70853645  38.00175102]
8.26800486459703 6.744869674590346 [ 61.6934344   60.92772466  48.35431218 141.53719608 253.88193449
 137.19632839 141.52567109  82.81485816  86.77627477  16.8963942
 227.82454226  50.43648035 213.27507154 185.69850455  38.46714328]
11.237769006116215 2.6826887185010353 [-40.31241961  82.56931208  50.99779784 378.1314728  183.65806225
 219.50246143 113.49624316  81.06249558 100.45435151  29.04870575
 212.70323928  95.3203076  253.33239429  69.51259664  37.82316406]
11.05529307485943 3.4365206236523846 [ 69.44048862  93.84594427  68.05641099 564.29717584 253.11525288
  62.74888418 132.44775547  91.46086141  70.56797288  16.94323582
 247.01297126  52.44649406 227.41068128 150.21945601  41.31877777]
10.947787279246004 2.9682032630659054 [ 91.58370841  89.41938776  69.37577761 189.10484748 123.63712195
 117.21760216 139.195473    78.32400185  53.52405783  30.93505573
 127.9767761   59.67569046 262.4003189  131.84835485  92.09345308]
10.193140470149084 4.495131492905941 [ 58.54588299  60.63572431  31.78889094 127.59403187 206.20117331
 309.34646444 119.911684    42.10199603  73.81270699  30.10201454
 211.54372672  53.99694676 237.77886575 167.37266626  50.15366779]
8.573065548679956 5.894467154988223 [ 60.93424043  63.47445404  47.09763249 181.03567626 138.81684264
 134.83432184 139.30474151  83.56023406  84.21446157  19.30136003
 227.23905855  53.5334528  215.34226512 188.01579531  37.70754346]
8.47661047310376 5.641851417612596 [ 59.31288741  63.16851393  40.00662175 154.50149344 206.05986995
 167.71124332 139.26399673  84.21047057  84.32175797  15.81495899
 225.07974557  54.58600296 215.6477626  183.37295745  32.65452652]
8.403326069455774 5.147094067204359 [ 59.55774982  64.77057283  55.64636591 151.18831401 234.87294857
 143.71789455 133.27572797  88.77524147  79.53600355  17.93011574
 223.17021781  55.99528004 215.28484832 173.17365464  36.62203655]
8.347695003246747 5.477584711995717 [ 60.69858336  65.06709616  51.19842739 151.81466095 240.24524773
 142.22871059 132.18707978  82.89786611  83.74242204  16.79532382
 223.60042141  54.54397704 216.34135066 176.46768297  42.15643904]
8.301174242193964 5.912266144780781 [ 61.04943964  63.08775047  47.17085437 146.13219752 244.70746968
 140.25270462 137.41855032  83.20770618  83.9741521   17.25607307
 225.57242492  56.82607508 215.37453024 179.80634571  38.41353778]
8.29984898842956 6.238723928754057 [ 61.20206285  60.8299733   53.06915569 141.82021943 250.69386868
 138.72738248 137.63371734  82.74861133  84.12874511  19.79802197
 228.84652154  51.5460833  212.4563834  184.32891923  41.47152004]
